0 0.0 0.0
1 0.1 3.0
2 0.4 18.3
3 0.7 18.2
4 1.0 18.2
5 2.3 79.2
6 3.6 78.9
7 4.9 80.2
8 6.3 80.1
9 7.6 79.0
10 8.9 79.0
11 9.0 8.1
12 9.2 8.2
13 9.3 8.2
14 10.6 77.7
15 11.9 77.1
16 13.2 79.6
17 14.6 84.2
18 16.0 84.6
19 17.4 83.6
20 18.3 52.3
21 19.2 52.2
22 20.1 54.5
23 21.0 52.9
24 23.3 142.7
25 25.7 142.4
26 28.1 142.0
27 30.4 141.4
28 33.5 184.3
29 36.6 183.9
30 39.6 181.0
31 42.6 180.2
32 45.6 182.7
33 48.7 183.8
34 48.7 3.0
35 49.1 19.3
36 49.4 19.2
37 49.7 19.1
38 51.1 81.9
39 52.4 82.4
40 53.7 77.8
41 55.1 80.2
42 56.5 82.9
43 57.8 82.4
44 58.0 8.4
45 58.1 8.4
46 58.3 8.5
47 59.6 81.0
48 61.0 80.9
49 62.3 80.7
50 63.6 80.4
51 65.0 80.4
52 66.3 80.7
53 67.2 50.5
54 68.0 50.1
55 68.8 50.1
56 69.7 50.1
57 71.9 135.4
58 74.2 135.7
59 76.5 136.2
60 78.7 136.6
61 81.7 175.8
62 84.6 175.8
63 87.5 175.8
64 90.4 175.6
65 93.4 177.0
66 96.3 172.5
67 96.3 2.8
68 96.6 17.6
69 96.9 17.6
70 97.2 17.6
71 98.5 76.3
72 99.7 76.2
73 101.0 77.5
74 102.4 80.3
75 103.7 80.3
76 105.0 79.8
77 105.2 7.6
78 105.3 7.6
79 105.4 7.6
80 106.7 74.9
81 107.9 75.0
82 109.2 76.0
83 110.5 79.0
84 111.8 79.1
85 113.1 79.5
86 113.9 47.2
87 114.7 47.2
88 115.5 47.2
89 116.3 45.4
90 118.4 126.0
91 120.5 126.0
92 122.6 126.1
93 124.6 124.9
94 127.4 162.9
95 130.1 162.9
96 132.8 162.4
97 135.5 162.3
98 138.2 162.2
99 140.9 162.6
100 140.9 2.7
101 141.2 16.8
102 141.5 16.7
103 141.8 16.8
104 143.0 72.7
105 144.2 72.9
106 145.4 73.1
107 146.6 73.0
108 147.9 72.9
109 149.1 72.8
110 149.2 6.4
111 149.3 6.3
112 149.4 6.3
113 150.6 71.9
114 151.8 71.5
115 153.0 71.3
116 154.2 71.8
117 155.4 71.5
118 156.5 71.2
119 157.1 30.6
120 157.6 30.9
121 158.1 30.5
122 158.6 30.6
123 160.6 121.4
124 162.6 121.4
125 164.6 119.8
126 166.6 119.9
127 169.2 155.3
128 171.8 155.3
129 174.4 155.4
130 177.0 154.6
131 179.6 154.9
132 182.1 155.0
133 182.2 2.6
134 182.5 16.4
135 182.7 16.4
136 183.0 16.4
137 184.2 70.7
138 185.4 70.7
139 186.5 70.4
140 187.7 70.7
141 188.9 70.9
142 190.1 70.5
143 190.2 6.1
144 190.3 6.3
145 190.4 6.2
146 191.5 69.4
147 192.7 69.1
148 193.8 69.3
149 195.0 69.3
150 196.1 69.3
151 197.3 69.4
152 197.8 29.3
153 198.3 29.2
154 198.8 29.2
155 199.3 29.3
156 201.2 117.7
157 203.2 117.1
158 205.1 117.1
159 207.1 117.0
160 209.6 152.4
161 212.2 152.7
162 214.7 152.6
163 217.2 152.4
164 219.8 152.6
165 222.5 164.3
166 222.6 2.8
167 222.9 17.4
168 223.1 17.3
169 223.4 17.7
170 224.7 74.8
171 225.9 74.1
172 227.1 72.6
173 228.4 75.2
174 229.6 73.7
175 230.8 73.4
176 230.9 6.4
177 231.1 6.4
178 231.2 6.5
179 232.4 72.4
180 233.6 72.4
181 234.8 71.6
182 236.0 71.7
183 237.2 72.3
184 238.4 72.4
185 238.9 30.1
186 239.4 30.2
187 239.9 30.5
188 240.4 30.1
189 242.4 121.3
190 244.4 120.5
191 246.4 121.3
192 248.5 121.7
193 251.1 158.5
194 253.7 157.1
195 256.4 159.3
196 259.0 158.5
197 261.7 158.2
198 264.3 159.2
199 264.4 2.5
200 264.6 16.6
201 264.9 16.7
202 265.2 16.6
203 266.3 67.9
204 267.4 67.6
205 268.6 67.6
206 269.7 67.6
207 270.8 67.4
208 271.9 67.2
209 272.0 6.1
210 272.1 6.1
211 272.2 6.2
212 273.4 66.2
213 274.5 66.0
214 275.6 66.4
215 276.7 65.7
216 277.8 66.2
217 278.9 65.9
218 279.3 28.9
219 279.8 28.7
220 280.3 29.5
221 280.8 28.5
222 282.7 112.6
223 284.5 113.3
224 286.4 112.5
225 288.2 108.6
226 290.7 147.8
227 293.2 151.5
228 295.7 151.1
229 298.3 151.8
230 300.8 152.5
231 303.3 152.0
232 303.4 2.4
233 303.6 13.3
234 303.8 13.4
235 304.0 13.4
236 305.1 62.8
237 306.1 62.2
238 307.2 62.4
239 308.2 61.3
240 309.2 61.2
241 310.2 62.1
242 310.5 13.5
243 310.7 13.3
244 310.9 13.1
245 311.9 60.7
246 312.9 60.8
247 314.0 61.5
248 315.0 59.9
249 316.0 59.6
250 316.9 59.4
251 318.8 110.7
252 320.6 111.0
253 322.5 111.9
254 324.4 112.7
255 326.2 111.1
256 328.1 111.0
257 329.9 110.6
258 331.8 110.9
259 333.7 116.6
260 335.7 118.5
261 337.7 121.2
262 339.7 118.8
263 341.6 116.8
264 343.6 115.4
265 343.6 2.1
266 343.8 11.6
267 344.0 11.3
268 344.2 11.3
269 345.0 52.5
270 345.9 53.7
271 346.8 52.4
272 347.7 53.4
273 348.6 53.3
274 349.5 52.3
275 349.6 11.1
276 349.8 11.0
277 350.0 11.0
278 350.9 50.2
279 351.7 50.2
280 352.5 50.9
281 353.4 51.0
282 354.2 51.2
283 355.1 50.5
284 356.7 98.6
285 358.4 100.3
286 360.1 101.3
287 361.8 100.9
288 363.4 96.7
289 365.0 96.3
290 366.7 100.4
291 368.3 100.0
292 370.1 107.9
293 371.9 105.0
294 373.7 107.1
295 375.4 105.2
296 377.2 105.0
297 378.9 104.7
298 378.9 1.8
299 379.1 10.4
300 379.3 10.4
301 379.5 10.4
302 380.3 48.1
303 381.1 48.2
304 381.9 49.2
305 382.7 48.1
306 383.5 48.8
307 384.3 49.0
308 384.5 10.2
309 384.7 10.2
310 384.8 10.2
311 385.6 46.4
312 386.4 47.4
313 387.2 46.5
314 388.0 47.6
315 388.7 46.6
316 389.5 47.5
317 391.0 86.9
318 392.4 87.6
319 393.9 86.8
320 395.3 87.2
321 396.7 84.9
322 398.2 84.7
323 399.6 84.0
324 401.0 85.0
325 402.5 93.2
326 404.1 91.5
327 405.6 91.5
328 407.1 91.5
329 408.6 90.2
330 410.1 89.9
331 410.1 1.6
332 410.3 8.9
333 410.4 8.9
334 410.6 8.9
335 411.3 42.3
336 412.0 41.1
337 412.7 41.3
338 413.4 42.4
339 414.0 41.3
340 414.8 42.2
341 414.9 8.8
342 415.0 8.8
343 415.2 8.8
344 415.9 40.7
345 416.5 39.9
346 417.2 39.9
347 417.9 40.0
348 418.5 41.0
349 419.2 41.5
350 420.5 73.6
351 421.7 72.9
352 422.9 73.6
353 424.1 71.9
354 425.3 72.9
355 426.5 72.5
356 427.7 72.3
357 428.9 71.1
358 430.2 78.3
359 431.5 77.9
360 432.8 77.9
361 434.1 76.5
362 435.3 74.0
363 436.6 76.2
364 436.6 1.3
365 436.7 7.5
366 436.9 7.4
367 437.0 7.5
368 437.6 34.8
369 438.2 35.4
370 438.7 34.6
371 439.3 35.4
372 439.9 35.7
373 440.5 34.5
374 440.6 7.3
375 440.7 7.4
376 440.9 7.4
377 441.4 33.6
378 442.0 33.4
379 442.6 34.2
380 443.1 33.7
381 443.7 34.0
382 444.2 33.7
383 445.2 59.7
384 446.2 59.3
385 447.2 59.6
386 448.2 59.4
387 449.2 59.0
388 450.2 58.9
389 451.2 59.1
390 452.1 58.8
391 453.2 63.5
392 454.2 62.8
393 455.3 63.2
394 456.3 62.0
395 457.4 61.5
396 458.4 61.5
397 458.4 1.0
398 458.5 6.1
399 458.6 6.0
400 458.7 6.0
401 459.2 27.8
402 459.6 27.8
403 460.1 28.6
404 460.6 28.0
405 461.0 28.6
406 461.5 28.6
407 461.6 5.9
408 461.7 5.9
409 461.8 5.9
410 462.3 26.9
411 462.7 27.5
412 463.2 26.8
413 463.6 27.4
414 464.1 26.5
415 464.5 27.0
416 465.3 46.1
417 466.1 46.3
418 466.8 45.7
419 467.6 46.1
420 468.4 46.7
421 469.1 46.0
422 469.9 45.3
423 470.7 45.7
424 471.5 48.3
425 472.3 48.2
426 473.1 47.7
427 473.8 46.2
428 474.6 46.0
429 475.4 45.8
430 475.4 0.8
431 475.4 4.5
432 475.5 4.5
433 475.6 4.5
434 475.9 21.1
435 476.3 20.3
436 476.6 20.3
437 477.0 21.0
438 477.3 20.3
439 477.7 21.0
440 477.7 4.3
441 477.8 4.3
442 477.9 4.3
443 478.2 20.1
444 478.5 19.6
445 478.9 19.5
446 479.2 19.5
447 479.5 20.1
448 479.9 20.1
449 480.4 32.8
450 480.9 32.8
451 481.5 32.7
452 482.0 32.5
453 482.6 32.4
454 483.1 32.2
455 483.6 32.3
456 484.2 31.6
457 484.7 33.3
458 485.3 33.1
459 485.8 32.9
460 486.4 31.4
461 486.9 31.4
462 487.4 31.1
463 487.4 0.5
464 487.5 3.0
465 487.5 3.0
466 487.6 3.0
467 487.8 14.1
468 488.0 14.0
469 488.3 14.0
470 488.5 13.3
471 488.7 13.3
472 488.9 13.3
473 489.0 2.8
474 489.0 2.8
475 489.1 2.8
476 489.3 13.3
477 489.5 13.3
478 489.7 13.3
479 489.9 12.8
480 490.2 12.8
481 490.4 12.8
482 490.7 19.1
483 491.0 19.6
484 491.3 19.6
485 491.7 19.5
486 492.0 18.6
487 492.3 19.0
488 492.6 19.0
489 492.9 18.9
490 493.2 18.7
491 493.5 18.5
492 493.8 18.2
493 494.1 16.8
494 494.4 16.6
495 494.7 16.3
496 494.7 0.0
497 494.7 0.0
498 494.7 0.1
499 494.7 0.0
500 494.7 0.1
501 494.7 0.1
502 494.7 0.0
503 494.7 0.1
504 494.7 0.1
505 494.7 0.1
506 494.7 0.1
507 494.7 0.1
508 494.7 0.1
509 494.7 0.1
510 494.7 0.4
511 494.7 0.4
512 494.7 0.4
513 494.7 0.0
514 494.7 0.2
515 494.7 0.2
516 494.7 0.2
517 494.7 0.2
518 494.7 0.3
519 494.7 0.3
520 494.7 0.3
521 494.7 0.0
522 494.7 0.0
523 494.7 0.0
524 494.7 0.0
525 494.7 0.0
526 494.7 0.0
527 494.7 0.0
528 494.7 0.0
529 494.7 0.0
530 494.7 0.0
531 494.7 0.0
532 494.7 0.0
533 494.7 0.0
534 494.7 0.0
535 494.7 0.0
536 494.7 0.0
537 494.7 0.0
538 494.7 0.0
539 494.7 0.0
540 494.7 0.0
541 494.7 0.0
542 494.7 0.0
